850	85,152854
849	85,240048
848	83,97677
847	84,622006
846	83,580732
845	83,88529
844	84,336147
843	84,342614
842	84,768179
841	84,100847
840	83,777128
839	84,293094
838	84,0325
837	83,599728
836	84,01024
835	83,771078
834	83,884756
833	83,850472
832	83,756448
831	83,759189
830	83,863295
829	83,984433
828	83,342233
827	83,560285
826	83,415759
825	83,690203
824	83,756268
823	83,456997
822	83,510801
821	83,732627
820	83,665844
819	83,462438
818	83,197674
817	83,265583
816	82,959433
815	83,192695
814	82,983383
813	83,007106
812	82,936737
811	83,139968
810	82,944261
809	83,074727
808	82,863861
807	82,647
806	82,760522
805	82,610563
804	82,76606
803	82,682002
802	82,75188
801	82,684263
800	82,536875
799	82,396974
798	82,492453
797	82,416913
796	82,43719
795	82,395426
794	82,218073
793	82,163861
792	81,942233
791	81,939154
790	82,070303
789	82,163087
788	81,992475
787	81,953502
786	81,906309
785	82,007836
784	81,843315
783	81,746693
782	81,789318
781	81,461593
780	81,775905
779	81,800241
778	81,505158
777	81,577063
776	81,381178
775	81,354204
774	81,148899
773	81,331342
772	81,37303
771	81,368555
770	81,122758
769	81,042008
768	80,977361
767	81,085487
766	80,933445
765	80,876777
764	80,903179
763	80,849213
762	80,866088
761	80,809322
760	80,785784
759	80,760948
758	80,620632
757	80,421493
756	80,434099
755	80,486553
754	80,353539
753	80,341298
752	80,32749
751	80,313745
750	80,161849
749	80,050036
748	80,128851
747	80,067523
746	80,075751
745	80,076855
744	79,970059
743	79,845794
742	79,800357
741	79,650645
740	79,704228
739	79,686656
738	79,606555
737	79,568959
736	79,397549
735	79,260465
734	79,19526
733	79,191799
732	79,220011
731	79,1788
730	79,100013
729	79,061401
728	79,059927
727	79,023361
726	79,040778
725	79,009877
724	78,895259
723	78,792514
722	78,702082
721	78,702692
720	78,598278
719	78,438019
718	78,536372
717	78,546692
716	78,450935
715	78,30119
714	78,180807
713	78,144407
712	78,013748
711	77,986151
710	77,953507
709	77,959377
708	77,930408
707	77,795566
706	77,676069
705	77,640641
704	77,548496
703	77,510646
702	77,516536
701	77,433635
700	77,302119
699	77,27399
698	77,20894
697	77,048159
696	76,998433
695	76,932585
694	76,928525
693	76,86186
692	76,784288
691	76,846744
690	76,74571
689	76,609897
688	76,559535
687	76,472514
686	76,374616
685	76,367028
684	76,270488
683	76,272415
682	76,193914
681	76,060931
680	76,017657
679	75,954973
678	75,842803
677	75,757105
676	75,659288
675	75,550117
674	75,598564
673	75,57958
672	75,480868
671	75,395711
670	75,337904
669	75,227097
668	75,152173
667	75,075641
666	74,99508
665	75,020609
664	74,915578
663	74,8137
662	74,731925
661	74,652339
660	74,519933
659	74,469765
658	74,459125
657	74,393496
656	74,285034
655	74,17265
654	74,077357
653	74,069085
652	73,958372
651	73,916195
650	73,838072
649	73,746501
648	73,617576
647	73,550436
646	73,48234
645	73,364833
644	73,369401
643	73,298676
642	73,247683
641	73,143457
640	73,014457
639	72,991791
638	72,921041
637	72,720322
636	72,692787
635	72,626364
634	72,536302
633	72,515747
632	72,390004
631	72,221948
630	72,206313
629	72,109198
628	71,990755
627	71,869828
626	71,884467
625	71,844368
624	71,670176
623	71,488856
622	71,35165
621	71,322876
620	71,302477
619	71,199101
618	71,144599
617	71,005097
616	70,962922
615	70,824199
614	70,722258
613	70,59745
612	70,59117
611	70,422056
610	70,350102
609	70,257796
608	70,142547
607	70,00226
606	69,948421
605	69,913204
604	69,729165
603	69,714819
602	69,558093
601	69,442694
600	69,450295
599	69,289745
598	69,137729
597	69,071434
596	68,987196
595	68,808369
594	68,781791
593	68,604595
592	68,558056
591	68,421279
590	68,263122
589	68,242822
588	68,060435
587	67,958642
586	67,859956
585	67,718509
584	67,657796
583	67,50334
582	67,383746
581	67,206158
580	67,158218
579	67,114834
578	66,91751
577	66,754913
576	66,642878
575	66,542835
574	66,442124
573	66,321161
572	66,172534
571	66,028592
570	65,921958
569	65,72663
568	65,598264
567	65,44204
566	65,289884
565	65,243478
564	65,135521
563	64,964866
562	64,780632
561	64,597524
560	64,531673
559	64,384315
558	64,22316
557	64,055236
556	63,853671
555	63,739541
554	63,644243
553	63,545517
552	63,353636
551	63,224649
550	63,037226
549	62,922237
548	62,713611
547	62,665903
546	62,483535
545	62,305951
544	62,203309
543	62,011837
542	61,826744
541	61,687794
540	61,556207
539	61,437058
538	61,304541
537	61,088573
536	60,899754
535	60,83074
534	60,643181
533	60,502152
532	60,344744
531	60,184784
530	60,005179
529	59,889952
528	59,715609
527	59,547583
526	59,39542
525	59,228822
524	59,09001
523	58,936003
522	58,778293
521	58,609091
520	58,451597
519	58,272184
518	58,070252
517	57,916387
516	57,746717
515	57,593264
514	57,416551
513	57,243272
512	57,082131
511	56,935539
510	56,742745
509	56,573487
508	56,408694
507	56,248443
506	56,06661
505	55,903981
504	55,727314
503	55,529242
502	55,392525
501	55,208758
500	55,015424
499	54,833704
498	54,684473
497	54,487169
496	54,302925
495	54,093638
494	53,893253
493	53,765459
492	53,538573
491	53,321114
490	53,227641
489	53,061395
488	52,814459
487	52,655157
486	52,461186
485	52,227291
484	52,07013
483	51,886838
482	51,717314
481	51,49426
480	51,346004
479	51,176044
478	51,00132
477	50,854775
476	50,612307
475	50,431369
474	50,270767
473	50,0992
472	49,932257
471	49,747149
470	49,557441
469	49,388371
468	49,194654
467	48,991202
466	48,838235
465	48,664818
464	48,472265
463	48,263874
462	48,108939
461	47,884011
460	47,697456
459	47,542053
458	47,336608
457	47,098074
456	46,871826
455	46,650948
454	46,463074
453	46,265067
452	46,061506
451	45,826264
450	45,559732
449	45,307147
448	45,086197
447	44,823375
446	44,552175
445	44,315608
444	44,091211
443	43,855463
442	43,58111
441	43,33016
440	43,075109
439	42,819332
438	42,55035
437	42,306843
436	42,056076
435	41,769727
434	41,503798
433	41,213623
432	40,894261
431	40,639488
430	40,428512
429	40,129239
428	39,82008
427	39,575489
426	39,33046
425	39,054763
424	38,779506
423	38,504119
422	38,246801
421	37,984047
420	37,728231
419	37,475969
418	37,182247
417	36,913112
416	36,662112
415	36,41359
414	36,16497
413	35,86855
412	35,604002
411	35,335603
410	35,063807
409	34,797378
408	34,510249
407	34,225398
406	33,963845
405	33,709097
404	33,446391
403	33,172603
402	32,862668
401	32,607375
400	32,335349
399	32,044151
398	31,751798
397	31,480335
396	31,181242
395	30,865289
394	30,565908
393	30,204343
392	29,918591
391	29,622479
390	29,240147
389	28,911505
388	28,654262
387	28,372495
386	28,059636
385	27,726696
384	27,358963
383	27,036007
382	26,762883
381	26,447677
380	26,112275
379	25,831737
378	25,516746
377	25,04508
376	24,70083
375	24,460337
374	24,134186
373	23,857261
372	23,627413
371	23,37004
370	23,027847
369	22,822274
368	22,651613
367	22,467724
366	22,252599
365	21,966577
364	21,700306
363	21,552656
362	21,323881
361	21,089245
360	20,946056
359	20,68646
358	20,432211
357	20,228901
356	19,967904
355	19,761169
354	19,62061
353	19,415897
352	19,194264
351	18,889482
350	18,727564
349	18,527204
348	18,319652
347	18,087041
346	17,850704
345	17,706241
344	17,461161
343	17,18643
342	17,063294
341	16,831048
340	16,653871
339	16,408992
338	16,178959
337	15,921908
336	15,713388
335	15,546794
334	15,276713
333	15,095421
332	14,847757
331	14,617392
330	14,376043
329	14,125991
328	13,921192
327	13,623659
326	13,455098
325	13,398253
324	12,864503
323	12,71584
322	12,58255
321	12,342192
320	12,014061
319	11,833152
318	11,554444
317	11,275656
316	10,99237
315	10,823086
314	10,533636
313	10,343541
312	10,08192
311	9,881435
310	9,630402
309	9,473633
308	9,265308
307	9,067979
306	8,789457
305	8,531819
304	8,372175
303	8,219778
302	7,971944
301	7,828819
300	7,569615
299	7,380432
298	7,279108
297	6,996639
296	6,738603
295	6,667775
294	6,446898
293	6,274999
292	6,097342
291	5,925351
290	5,803128
289	5,645684
288	5,533756
287	5,311864
286	5,17483
285	4,914113
284	4,845413
283	4,794283
282	4,543966
281	4,459133
280	4,408105
279	4,235694
278	4,104794
277	3,961416
276	3,911204
275	3,797005
274	3,713038
273	3,631209
272	3,522717
271	3,399677
270	3,318179
269	3,18954
268	3,132886
267	3,029976
266	3,014078
265	2,93232
264	2,914565
263	2,875437
262	2,724877
261	2,795922
260	2,684549
259	2,666684
258	2,622113
257	2,558087
256	2,417177
255	2,49763
254	2,441204
253	2,440697
252	2,355561
251	2,329687
250	2,289057
249	2,294515
248	2,196879
247	2,176561
246	2,118183
245	2,100885
244	2,106681
243	2,055747
242	2,018444
241	2,04522
240	1,955973
239	1,92462
238	1,909305
237	1,839544
236	1,810529
235	1,80213
234	1,795793
233	1,753779
232	1,616952
231	1,522329
230	1,481979
229	1,362672
228	1,302175
227	1,260539
226	1,17312
225	1,10374
224	1,187667
223	1,093849
222	1,063385
221	1,014271
220	0,865666
219	0,780913
218	0,788901
217	0,800146
216	0,750979
215	0,832206
214	0,800801
213	0,676397
212	0,777243
211	0,931536
210	0,85526
209	1,043911
208	0,933407
207	0,927654
206	1,15287
205	1,274542
204	1,591524
203	1,709781
202	2,247001
201	2,343898
200	2,521526
