
850,000000	9,696419
849,000000	9,334896
848,000000	9,462583
847,000000	9,718799
846,000000	9,748883
845,000000	9,579317
844,000000	9,410440
843,000000	9,432984
842,000000	9,426175
841,000000	9,489228
840,000000	9,637583
839,000000	9,752064
838,000000	9,652136
837,000000	9,618796
836,000000	9,658216
835,000000	9,671850
834,000000	9,695049
833,000000	9,711482
832,000000	9,630716
831,000000	9,510843
830,000000	9,584797
829,000000	9,607726
828,000000	9,602537
827,000000	9,540137
826,000000	9,520252
825,000000	9,495240
824,000000	9,525376
823,000000	9,470653
822,000000	9,474342
821,000000	9,510923
820,000000	9,478643
819,000000	9,445642
818,000000	9,291265
817,000000	9,325493
816,000000	9,337973
815,000000	9,287304
814,000000	9,226340
813,000000	9,237468
812,000000	9,221594
811,000000	9,203614
810,000000	9,217090
809,000000	9,167182
808,000000	9,065131
807,000000	9,104718
806,000000	9,062627
805,000000	8,982342
804,000000	8,986811
803,000000	9,005002
802,000000	8,976198
801,000000	8,937188
800,000000	8,886350
799,000000	8,873336
798,000000	8,868504
797,000000	8,840654
796,000000	8,794232
795,000000	8,761735
794,000000	8,742377
793,000000	8,696842
792,000000	8,669735
791,000000	8,679372
790,000000	8,628172
789,000000	8,614436
788,000000	8,559151
787,000000	8,553985
786,000000	8,540065
785,000000	8,537240
784,000000	8,454196
783,000000	8,427498
782,000000	8,397329
781,000000	8,361728
780,000000	8,336219
779,000000	8,334279
778,000000	8,312846
777,000000	8,289416
776,000000	8,259889
775,000000	8,235413
774,000000	8,218026
773,000000	8,187068
772,000000	8,172470
771,000000	8,137524
770,000000	8,085231
769,000000	8,080127
768,000000	8,033072
767,000000	8,049309
766,000000	8,008443
765,000000	7,985429
764,000000	7,957474
763,000000	7,909665
762,000000	7,904257
761,000000	7,881522
760,000000	7,849425
759,000000	7,808285
758,000000	7,771249
757,000000	7,806180
756,000000	7,766910
755,000000	7,703386
754,000000	7,687380
753,000000	7,660383
752,000000	7,635301
751,000000	7,634233
750,000000	7,599324
749,000000	7,581039
748,000000	7,569584
747,000000	7,537486
746,000000	7,524126
745,000000	7,499647
744,000000	7,456689
743,000000	7,429919
742,000000	7,407400
741,000000	7,375203
740,000000	7,349123
739,000000	7,318458
738,000000	7,290460
737,000000	7,268690
736,000000	7,244363
735,000000	7,231880
734,000000	7,214791
733,000000	7,183254
732,000000	7,155120
731,000000	7,135793
730,000000	7,117544
729,000000	7,086434
728,000000	7,059262
727,000000	7,034709
726,000000	7,010789
725,000000	6,996265
724,000000	6,966942
723,000000	6,939834
722,000000	6,917996
721,000000	6,892703
720,000000	6,871738
719,000000	6,867053
718,000000	6,822340
717,000000	6,801789
716,000000	6,782442
715,000000	6,761869
714,000000	6,747063
713,000000	6,700657
712,000000	6,680193
711,000000	6,680153
710,000000	6,648314
709,000000	6,615791
708,000000	6,602071
707,000000	6,593697
706,000000	6,564332
705,000000	6,524778
704,000000	6,502701
703,000000	6,499975
702,000000	6,469782
701,000000	6,426267
700,000000	6,389512
699,000000	6,382556
698,000000	6,378888
697,000000	6,346762
696,000000	6,325749
695,000000	6,314119
694,000000	6,286696
693,000000	6,263881
692,000000	6,237849
691,000000	6,208882
690,000000	6,184461
689,000000	6,150639
688,000000	6,111243
687,000000	6,084357
686,000000	6,072993
685,000000	6,057009
684,000000	6,034092
683,000000	6,030362
682,000000	6,013566
681,000000	5,991221
680,000000	5,972176
679,000000	5,950910
678,000000	5,921550
677,000000	5,909282
676,000000	5,886520
675,000000	5,861025
674,000000	5,839532
673,000000	5,823023
672,000000	5,820874
671,000000	5,790450
670,000000	5,780653
669,000000	5,770154
668,000000	5,745861
667,000000	5,731584
666,000000	5,736175
665,000000	5,709805
664,000000	5,692773
663,000000	5,672339
662,000000	5,651775
661,000000	5,633455
660,000000	5,624682
659,000000	5,616099
658,000000	5,593081
657,000000	5,577073
656,000000	5,561115
655,000000	5,550231
654,000000	5,528433
653,000000	5,498814
652,000000	5,477539
651,000000	5,471398
650,000000	5,467504
649,000000	5,446627
648,000000	5,420953
647,000000	5,394155
646,000000	5,376671
645,000000	5,358361
644,000000	5,346263
643,000000	5,331810
642,000000	5,315638
641,000000	5,287202
640,000000	5,258247
639,000000	5,231321
638,000000	5,230040
637,000000	5,204967
636,000000	5,187364
635,000000	5,162077
634,000000	5,146421
633,000000	5,129969
632,000000	5,111901
631,000000	5,087173
630,000000	5,067997
629,000000	5,048308
628,000000	5,033380
627,000000	5,012933
626,000000	4,989656
625,000000	4,978892
624,000000	4,962697
623,000000	4,942950
622,000000	4,904485
621,000000	4,888763
620,000000	4,871379
619,000000	4,863445
618,000000	4,838834
617,000000	4,816593
616,000000	4,792842
615,000000	4,768038
614,000000	4,753253
613,000000	4,744651
612,000000	4,709239
611,000000	4,706079
610,000000	4,683164
609,000000	4,669914
608,000000	4,638504
607,000000	4,621057
606,000000	4,618396
605,000000	4,583927
604,000000	4,561120
603,000000	4,542505
602,000000	4,528561
601,000000	4,505765
600,000000	4,496954
599,000000	4,476054
598,000000	4,469346
597,000000	4,432835
596,000000	4,414790
595,000000	4,403641
594,000000	4,379206
593,000000	4,361593
592,000000	4,344732
591,000000	4,321092
590,000000	4,301087
589,000000	4,274765
588,000000	4,257573
587,000000	4,228274
586,000000	4,211100
585,000000	4,196411
584,000000	4,182150
583,000000	4,157613
582,000000	4,148431
581,000000	4,112207
580,000000	4,092114
579,000000	4,082161
578,000000	4,063236
577,000000	4,038896
576,000000	4,007603
575,000000	3,995813
574,000000	3,979731
573,000000	3,959207
572,000000	3,949874
571,000000	3,905555
570,000000	3,892660
569,000000	3,872666
568,000000	3,854794
567,000000	3,829804
566,000000	3,811094
565,000000	3,787027
564,000000	3,764492
563,000000	3,752362
562,000000	3,725787
561,000000	3,704097
560,000000	3,676267
559,000000	3,657435
558,000000	3,637239
557,000000	3,607360
556,000000	3,602905
555,000000	3,582673
554,000000	3,562891
553,000000	3,537153
552,000000	3,506328
551,000000	3,489272
550,000000	3,470906
549,000000	3,454349
548,000000	3,426506
547,000000	3,411189
546,000000	3,389603
545,000000	3,365238
544,000000	3,352152
543,000000	3,324769
542,000000	3,304252
541,000000	3,287459
540,000000	3,260040
539,000000	3,246133
538,000000	3,224738
537,000000	3,192336
536,000000	3,174701
535,000000	3,156966
534,000000	3,136787
533,000000	3,111782
532,000000	3,092878
531,000000	3,067590
530,000000	3,052927
529,000000	3,031367
528,000000	3,007407
527,000000	2,982728
526,000000	2,964302
525,000000	2,937165
524,000000	2,925553
523,000000	2,900802
522,000000	2,884998
521,000000	2,862922
520,000000	2,841683
519,000000	2,820959
518,000000	2,793471
517,000000	2,771825
516,000000	2,753612
515,000000	2,729664
514,000000	2,714397
513,000000	2,692137
512,000000	2,665823
511,000000	2,646034
510,000000	2,629871
509,000000	2,600558
508,000000	2,580315
507,000000	2,559841
506,000000	2,535426
505,000000	2,511719
504,000000	2,495422
503,000000	2,471995
502,000000	2,453479
501,000000	2,434039
500,000000	2,414602
499,000000	2,395290
498,000000	2,375609
497,000000	2,351353
496,000000	2,330891
495,000000	2,311838
494,000000	2,289506
493,000000	2,269778
492,000000	2,250132
491,000000	2,229934
490,000000	2,208279
489,000000	2,185191
488,000000	2,168268
487,000000	2,146675
486,000000	2,127641
485,000000	2,101485
484,000000	2,084079
483,000000	2,066784
482,000000	2,043192
481,000000	2,023425
480,000000	2,010278
479,000000	1,991892
478,000000	1,974424
477,000000	1,953185
476,000000	1,935792
475,000000	1,917737
474,000000	1,900322
473,000000	1,878184
472,000000	1,859833
471,000000	1,844273
470,000000	1,828821
469,000000	1,807186
468,000000	1,787744
467,000000	1,765360
466,000000	1,749775
465,000000	1,730379
464,000000	1,714444
463,000000	1,700080
462,000000	1,682909
461,000000	1,661032
460,000000	1,639629
459,000000	1,620542
458,000000	1,603974
457,000000	1,580994
456,000000	1,564555
455,000000	1,546667
454,000000	1,532843
453,000000	1,516033
452,000000	1,497153
451,000000	1,474925
450,000000	1,451987
449,000000	1,431936
448,000000	1,412589
447,000000	1,395878
446,000000	1,379413
445,000000	1,359999
444,000000	1,340276
443,000000	1,314806
442,000000	1,293873
441,000000	1,277900
440,000000	1,251750
439,000000	1,231440
438,000000	1,209426
437,000000	1,189995
436,000000	1,175910
435,000000	1,156860
434,000000	1,139079
433,000000	1,119670
432,000000	1,092845
431,000000	1,074268
430,000000	1,056447
429,000000	1,039288
428,000000	1,019042
427,000000	0,996506
426,000000	0,980796
425,000000	0,966525
424,000000	0,945920
423,000000	0,923258
422,000000	0,904727
421,000000	0,885560
420,000000	0,862107
419,000000	0,850041
418,000000	0,834868
417,000000	0,812659
416,000000	0,796515
415,000000	0,782263
414,000000	0,767717
413,000000	0,751640
412,000000	0,730472
411,000000	0,712398
410,000000	0,701724
409,000000	0,689125
408,000000	0,673038
407,000000	0,655051
406,000000	0,643831
405,000000	0,633500
404,000000	0,619642
403,000000	0,600225
402,000000	0,580164
401,000000	0,569296
400,000000	0,556971
399,000000	0,543911
398,000000	0,530899
397,000000	0,521662
396,000000	0,501692
395,000000	0,490367
394,000000	0,482564
393,000000	0,473311
392,000000	0,460648
391,000000	0,444279
390,000000	0,434090
389,000000	0,417508
388,000000	0,401725
387,000000	0,389051
386,000000	0,385587
385,000000	0,378728
384,000000	0,356801
383,000000	0,346645
382,000000	0,339048
381,000000	0,328271
380,000000	0,322956
379,000000	0,313538
378,000000	0,329545
377,000000	0,132334
376,000000	0,057116
375,000000	0,097137
374,000000	0,146412
373,000000	0,154800
372,000000	0,146173
371,000000	0,143221
370,000000	0,172419
369,000000	0,176722
368,000000	0,190265
367,000000	0,170215
366,000000	0,167601
365,000000	0,175709
364,000000	0,141369
363,000000	0,176166
362,000000	0,168152
361,000000	0,166441
360,000000	0,183350
359,000000	0,166822
358,000000	0,172228
357,000000	0,162398
356,000000	0,167578
355,000000	0,165228
354,000000	0,142269
353,000000	0,146750
352,000000	0,138473
351,000000	0,132949
350,000000	0,155535
349,000000	0,122907
348,000000	0,127906
347,000000	0,128617
346,000000	0,117943
345,000000	0,127257
344,000000	0,106366
343,000000	0,048601
342,000000	0,084185
341,000000	0,069265
340,000000	0,069176
339,000000	0,096796
338,000000	0,079913
337,000000	0,077970
336,000000	0,051201
335,000000	0,070696
334,000000	0,100023
333,000000	0,106138
332,000000	0,143028
331,000000	0,159203
330,000000	0,114098
329,000000	0,053878
328,000000	0,057762
327,000000	0,161769
326,000000	0,168520
325,000000	0,124662
324,000000	0,129313
323,000000	0,197019
322,000000	0,125902
321,000000	0,139528
320,000000	0,184447
319,000000	0,174051
318,000000	0,046364
317,000000	0,016365
316,000000	0,001722
315,000000	-0,019109
314,000000	0,004185
313,000000	0,013377
312,000000	0,000728
311,000000	-0,033863
310,000000	0,011221
309,000000	0,001280
308,000000	0,039084
307,000000	-0,013174
306,000000	0,021739
305,000000	0,016167
304,000000	0,056871
303,000000	-0,003841
302,000000	0,031253
301,000000	-0,035392
300,000000	0,009796
299,000000	-0,000549
298,000000	0,015431
297,000000	-0,018309
296,000000	-0,012654
295,000000	-0,042329
294,000000	-0,023699
293,000000	0,029567
292,000000	0,018259
291,000000	0,044065
290,000000	0,059296
289,000000	0,007637
288,000000	-0,002590
287,000000	-0,031160
286,000000	0,032320
285,000000	0,040267
284,000000	0,000737
283,000000	-0,007465
282,000000	-0,017115
281,000000	-0,003502
280,000000	0,029734
279,000000	0,014942
278,000000	0,016070
277,000000	0,012821
276,000000	-0,034543
275,000000	-0,041159
274,000000	0,044087
273,000000	-0,036294
272,000000	-0,001021
271,000000	-0,006243
270,000000	0,011177
269,000000	-0,027058
268,000000	-0,034622
267,000000	-0,071517
266,000000	-0,024095
265,000000	0,011539
264,000000	0,025277
263,000000	-0,008296
262,000000	-0,005095
261,000000	-0,003310
260,000000	0,070026
259,000000	0,020528
258,000000	-0,003333
257,000000	-0,013863
256,000000	-0,032161
255,000000	-0,035470
254,000000	-0,001828
253,000000	-0,004539
252,000000	-0,002029
251,000000	0,015010
250,000000	-0,008538
249,000000	-0,032946
248,000000	0,013691
247,000000	0,014615
246,000000	0,021786
245,000000	0,041600
244,000000	-0,029628
243,000000	0,042021
242,000000	-0,001404
241,000000	-0,002622
240,000000	0,062234
239,000000	0,019857
238,000000	0,009681
237,000000	0,043409
236,000000	0,051205
235,000000	0,119071
234,000000	0,098523
233,000000	0,061432
232,000000	0,005650
231,000000	0,000210
230,000000	0,072093
229,000000	0,119242
228,000000	0,123647
227,000000	0,213465
226,000000	0,298906
225,000000	0,273935
224,000000	0,177129
223,000000	0,276398
222,000000	0,320582
221,000000	0,316513
220,000000	0,198908
219,000000	0,173573
218,000000	0,361392
217,000000	0,296944
216,000000	0,313598
215,000000	0,367109
214,000000	0,484333
213,000000	0,584517
212,000000	0,447748
211,000000	0,523141
210,000000	0,824946
209,000000	0,795680
208,000000	0,795462
207,000000	0,880200
206,000000	1,070130
205,000000	1,333973
204,000000	1,417990
203,000000	1,582143
202,000000	2,287609
201,000000	2,143034
200,000000	2,360416
