Длинна волны	% отражённого света																																	Итоговое полглощение 
850	100,632235																														85,152854			
849	100,421408																														85,240048			
848	100,053931																														83,97677			
847	99,687668																														84,622006			
846	99,718338																														83,580732			
845	99,584771																														83,88529			
844	100,27038																														84,336147			
843	99,708608																														84,342614			
842	99,741391																														84,768179			
841	99,342933																														84,100847			
840	99,598163																														83,777128			
839	100,575734																														84,293094			
838	99,700014																														84,0325			
837	99,518546																														83,599728			
836	99,825951																														84,01024			
835	100,05588																														83,771078			
834	100,295676																														83,884756			
833	99,890459																														83,850472			
832	100,011443																														83,756448			
831	99,974373																														83,759189			
830	100,237136																														83,863295			
829	99,72373																														83,984433			
828	99,685415																														83,342233			
827	99,911117																														83,560285			
826	99,747169																														83,415759			
825	100,314474																														83,690203			
824	100,27544																														83,756268			
823	100,224503																														83,456997			
822	99,724121																														83,510801			
821	100,404034																														83,732627			
820	100,443642																														83,665844			
819	100,376636																														83,462438			
818	100,340169																														83,197674			
817	100,158016																														83,265583			
816	99,758478																														82,959433			
815	100,018333																														83,192695			
814	99,990851																														82,983383			
813	99,539198																														83,007106			
812	99,756017																														82,936737			
811	100,157898																														83,139968			
810	99,864228																														82,944261			
809	100,011904																														83,074727			
808	100,042223																														82,863861			
807	99,658543																														82,647			
806	99,924129																														82,760522			
805	99,809469																														82,610563			
804	100,133066																														82,76606			
803	99,947089																														82,682002			
802	100,174416																														82,75188			
801	99,853311																														82,684263			
800	99,736445																														82,536875			
799	99,818108																														82,396974			
798	100,019172																														82,492453			
797	99,99584																														82,416913			
796	99,834318																														82,43719			
795	100,070257																														82,395426			
794	99,793844																														82,218073			
793	99,912827																														82,163861			
792	99,828924																														81,942233			
791	99,893176																														81,939154			
790	99,865877																														82,070303			
789	99,997064																														82,163087			
788	99,99453																														81,992475			
787	100,086058																														81,953502			
786	99,989061																														81,906309			
785	100,086245																														82,007836			
784	99,915168																														81,843315			
783	99,73339																														81,746693			
782	99,957235																														81,789318			
781	99,938288																														81,461593			
780	99,932162																														81,775905			
779	100,136363																														81,800241			
778	99,933602																														81,505158			
777	99,938702																														81,577063			
776	100,000203																														81,381178			
775	99,949259																														81,354204			
774	99,820399																														81,148899			
773	100,132832																														81,331342			
772	100,055249																														81,37303			
771	99,874427																														81,368555			
770	99,68959																														81,122758			
769	99,793469																														81,042008			
768	99,965993																														80,977361			
767	100,115805																														81,085487			
766	100,010235																														80,933445			
765	99,987841																														80,876777			
764	100,114635																														80,903179			
763	100,051808																														80,849213			
762	100,045223																														80,866088			
761	99,980939																														80,809322			
760	99,929739																														80,785784			
759	100,038867																														80,760948			
758	99,922175																														80,620632			
757	99,93309																														80,421493			
756	99,919806																														80,434099			
755	99,828897																														80,486553			
754	99,809638																														80,353539			
753	99,993504																														80,341298			
752	99,980618																														80,32749			
751	100,069962																														80,313745			
750	100,009641																														80,161849			
749	99,959724																														80,050036			
748	99,998883																														80,128851			
747	100,067076																														80,067523			
746	100,226358																														80,075751			
745	100,202817																														80,076855			
744	100,038926																														79,970059			
743	99,989329																														79,845794			
742	99,990036																														79,800357			
741	99,920305																														79,650645			
740	100,027874																														79,704228			
739	100,066862																														79,686656			
738	99,912075																														79,606555			
737	99,96611																														79,568959			
736	99,939165																														79,397549			
735	99,816998																														79,260465			
734	99,883729																														79,19526			
733	99,877474																														79,191799			
732	99,894778																														79,220011			
731	99,89132																														79,1788			
730	99,956886																														79,100013			
729	100,040674																														79,061401			
728	99,962997																														79,059927			
727	99,855085																														79,023361			
726	99,936954																														79,040778			
725	99,953735																														79,009877			
724	99,96518																														78,895259			
723	99,915607																														78,792514			
722	99,9154																														78,702082			
721	100,000715																														78,702692			
720	100,023493																														78,598278			
719	99,932106																														78,438019			
718	100,067865																														78,536372			
717	100,128461																														78,546692			
716	100,058409																														78,450935			
715	100,071202																														78,30119			
714	99,993966																														78,180807			
713	99,88997																														78,144407			
712	99,766949																														78,013748			
711	99,927143																														77,986151			
710	100,03541																														77,953507			
709	100,073415																														77,959377			
708	100,105564																														77,930408			
707	100,055209																														77,795566			
706	100,022119																														77,676069			
705	100,028472																														77,640641			
704	100,000307																														77,548496			
703	100																														77,510646			
702	100,002665																														77,516536			
701	99,957556																														77,433635			
700	99,89269																														77,302119			
699	99,849028																														77,27399			
698	99,874598																														77,20894			
697	99,878465																														77,048159			
696	99,819074																														76,998433			
695	99,904703																														76,932585			
694	99,941799																														76,928525			
693	99,865038																														76,86186			
692	99,900636																														76,784288			
691	99,979142																														76,846744			
690	99,919772																														76,74571			
689	99,882368																														76,609897			
688	99,892198																														76,559535			
687	99,845628																														76,472514			
686	99,832403																														76,374616			
685	99,985714																														76,367028			
684	99,974514																														76,270488			
683	100,018197																														76,272415			
682	100,045563																														76,193914			
681	100,001234																														76,060931			
680	100,020682																														76,017657			
679	99,923481																														75,954973			
678	99,858218																														75,842803			
677	99,889047																														75,757105			
676	99,917637																														75,659288			
675	99,899946																														75,550117			
674	99,909662																														75,598564			
673	99,935765																														75,57958			
672	99,991145																														75,480868			
671	100,03182																														75,395711			
670	100,05088																														75,337904			
669	99,962725																														75,227097			
668	100,010504																														75,152173			
667	100,036365																														75,075641			
666	99,967854																														74,99508			
665	100,006286																														75,020609			
664	99,994849																														74,915578			
663	100,019367																														74,8137			
662	99,993202																														74,731925			
661	100,019677																														74,652339			
660	100,010408																														74,519933			
659	99,953111																														74,469765			
658	100,03299																														74,459125			
657	100,047435																														74,393496			
656	99,961661																														74,285034			
655	99,983716																														74,17265			
654	99,998454																														74,077357			
653	99,893227																														74,069085			
652	99,843555																														73,958372			
651	99,891547																														73,916195			
650	99,991543																														73,838072			
649	99,991646																														73,746501			
648	99,948979																														73,617576			
647	99,980826																														73,550436			
646	99,96443																														73,48234			
645	99,924979																														73,364833			
644	99,95794																														73,369401			
643	100,022786																														73,298676			
642	99,95237																														73,247683			
641	99,970713																														73,143457			
640	100,029488																														73,014457			
639	100,015986																														72,991791			
638	100,038367																														72,921041			
637	100,012881																														72,720322			
636	100,067004																														72,692787			
635	100,001031																														72,626364			
634	100,009691																														72,536302			
633	100,048887																														72,515747			
632	100,011649																														72,390004			
631	99,959308																														72,221948			
630	99,961577																														72,206313			
629	100,063276																														72,109198			
628	99,981968																														71,990755			
627	100,005668																														71,869828			
626	99,984229																														71,884467			
625	100,134671																														71,844368			
624	100,111718																														71,670176			
623	99,978895																														71,488856			
622	99,848259																														71,35165			
621	99,97797																														71,322876			
620	99,999691																														71,302477			
619	100,03109																														71,199101			
618	100,005145																														71,144599			
617	99,915044																														71,005097			
616	100,01626																														70,962922			
615	100,06615																														70,824199			
614	99,957019																														70,722258			
613	99,888065																														70,59745			
612	100,034253																														70,59117			
611	99,962083																														70,422056			
610	99,970408																														70,350102			
609	100,004729																														70,257796			
608	100,011306																														70,142547			
607	100,02732																														70,00226			
606	100,045517																														69,948421			
605	99,985005																														69,913204			
604	99,876366																														69,729165			
603	100,038913																														69,714819			
602	99,980709																														69,558093			
601	100,066282																														69,442694			
600	100,008108																														69,450295			
599	99,966782																														69,289745			
598	99,915267																														69,137729			
597	99,98042																														69,071434			
596	100,049306																														68,987196			
595	100,002356																														68,808369			
594	100,013933																														68,781791			
593	99,974406																														68,604595			
592	100,047919																														68,558056			
591	100,045843																														68,421279			
590	100,029264																														68,263122			
589	100,009103																														68,242822			
588	100,017687																														68,060435			
587	100,026569																														67,958642			
586	100,06202																														67,859956			
585	100,039308																														67,718509			
584	100,032482																														67,657796			
583	100,037355																														67,50334			
582	99,956439																														67,383746			
581	99,918903																														67,206158			
580	99,951181																														67,158218			
579	100,075686																														67,114834			
578	100,0106																														66,91751			
577	99,972915																														66,754913			
576	100,034003																														66,642878			
575	99,920045																														66,542835			
574	99,940398																														66,442124			
573	100,056657																														66,321161			
572	99,972349																														66,172534			
571	99,987504																														66,028592			
570	100,017365																														65,921958			
569	99,933625																														65,72663			
568	100,036934																														65,598264			
567	99,929945																														65,44204			
566	99,983784																														65,289884			
565	100,043075																														65,243478			
564	100,021681																														65,135521			
563	99,957088																														64,964866			
562	99,991303																														64,780632			
561	99,92317																														64,597524			
560	100,059045																														64,531673			
559	100,072344																														64,384315			
558	99,944766																														64,22316			
557	99,973264																														64,055236			
556	99,884431																														63,853671			
555	99,91678																														63,739541			
554	99,981254																														63,644243			
553	100,07749																														63,545517			
552	99,986816																														63,353636			
551	99,926304																														63,224649			
550	99,970658																														63,037226			
549	99,991963																														62,922237			
548	99,8819																														62,713611			
547	100,029708																														62,665903			
546	99,95616																														62,483535			
545	99,951196																														62,305951			
544	100,018234																														62,203309			
543	99,957261																														62,011837			
542	99,944197																														61,826744			
541	99,976108																														61,687794			
540	99,979219																														61,556207			
539	100,04274																														61,437058			
538	100,024443																														61,304541			
537	99,914001																														61,088573			
536	99,958477																														60,899754			
535	100,005277																														60,83074			
534	99,99373																														60,643181			
533	99,941747																														60,502152			
532	99,916452																														60,344744			
531	99,989871																														60,184784			
530	99,95585																														60,005179			
529	99,990677																														59,889952			
528	99,985632																														59,715609			
527	100,004656																														59,547583			
526	99,974563																														59,39542			
525	99,920184																														59,228822			
524	99,950659																														59,09001			
523	100,013442																														58,936003			
522	99,974422																														58,778293			
521	99,959053																														58,609091			
520	99,977816																														58,451597			
519	99,959989																														58,272184			
518	100,002758																														58,070252			
517	99,931197																														57,916387			
516	99,942619																														57,746717			
515	99,963997																														57,593264			
514	99,934634																														57,416551			
513	99,968461																														57,243272			
512	99,980455																														57,082131			
511	99,950208																														56,935539			
510	99,975163																														56,742745			
509	99,957009																														56,573487			
508	99,99372																														56,408694			
507	99,911256																														56,248443			
506	99,933825																														56,06661			
505	99,977262																														55,903981			
504	99,933578																														55,727314			
503	99,968965																														55,529242			
502	99,945091																														55,392525			
501	99,937177																														55,208758			
500	99,910118																														55,015424			
499	99,943381																														54,833704			
498	100,033446																														54,684473			
497	99,982999																														54,487169			
496	99,985448																														54,302925			
495	99,918546																														54,093638			
494	99,914481																														53,893253			
493	99,978645																														53,765459			
492	100,015587																														53,538573			
491	99,937347																														53,321114			
490	99,925626																														53,227641			
489	99,995433																														53,061395			
488	99,972052																														52,814459			
487	99,958216																														52,655157			
486	100,009006																														52,461186			
485	100,00116																														52,227291			
484	99,981754																														52,07013			
483	99,916288																														51,886838			
482	99,975854																														51,717314			
481	99,966393																														51,49426			
480	99,949455																														51,346004			
479	99,909999																														51,176044			
478	99,903015																														51,00132			
477	99,955077																														50,854775			
476	99,939685																														50,612307			
475	99,942141																														50,431369			
474	99,959714																														50,270767			
473	100,007422																														50,0992			
472	99,950214																														49,932257			
471	99,978075																														49,747149			
470	99,967674																														49,557441			
469	99,946778																														49,388371			
468	99,953631																														49,194654			
467	99,964749																														48,991202			
466	99,977627																														48,838235			
465	99,976232																														48,664818			
464	99,955902																														48,472265			
463	99,900333																														48,263874			
462	99,953608																														48,108939			
461	99,951674																														47,884011			
460	99,941767																														47,697456			
459	100,00676																														47,542053			
458	99,947463																														47,336608			
457	99,899911																														47,098074			
456	99,899381																														46,871826			
455	99,912826																														46,650948			
454	99,927854																														46,463074			
453	99,956591																														46,265067			
452	99,998223																														46,061506			
451	99,995139																														45,826264			
450	99,931845																														45,559732			
449	99,899445																														45,307147			
448	99,9641																														45,086197			
447	99,910015																														44,823375			
446	99,926821																														44,552175			
445	99,993578																														44,315608			
444	99,972572																														44,091211			
443	99,94344																														43,855463			
442	99,933752																														43,58111			
441	99,904994																														43,33016			
440	99,903263																														43,075109			
439	99,954206																														42,819332			
438	100,020905																														42,55035			
437	100,016171																														42,306843			
436	99,97222																														42,056076			
435	99,944481																														41,769727			
434	99,948316																														41,503798			
433	99,935506																														41,213623			
432	99,947601																														40,894261			
431	99,946057																														40,639488			
430	99,939844																														40,428512			
429	99,937711																														40,129239			
428	99,91301																														39,82008			
427	99,941366																														39,575489			
426	99,915187																														39,33046			
425	99,839567																														39,054763			
424	99,894654																														38,779506			
423	99,957026																														38,504119			
422	99,962527																														38,246801			
421	99,931677																														37,984047			
420	99,969763																														37,728231			
419	99,939679																														37,475969			
418	99,806723																														37,182247			
417	99,85165																														36,913112			
416	99,916529																														36,662112			
415	99,943347																														36,41359			
414	100,009788																														36,16497			
413	99,937725																														35,86855			
412	99,9319																														35,604002			
411	99,947494																														35,335603			
410	99,933999																														35,063807			
409	100,002617																														34,797378			
408	99,973324																														34,510249			
407	99,911964																														34,225398			
406	99,887145																														33,963845			
405	99,912559																														33,709097			
404	99,937074																														33,446391			
403	99,970627																														33,172603			
402	99,963022																														32,862668			
401	100,034																														32,607375			
400	100,049158																														32,335349			
399	99,973369																														32,044151			
398	99,932216																														31,751798			
397	99,983539																														31,480335			
396	99,951986																														31,181242			
395	99,948326																														30,865289			
394	100,066511																														30,565908			
393	99,852314																														30,204343			
392	99,841337																														29,918591			
391	99,949615																														29,622479			
390	99,917083																														29,240147			
389	99,81363																														28,911505			
388	99,894025																														28,654262			
387	99,915582																														28,372495			
386	99,908656																														28,059636			
385	99,890038																														27,726696			
384	99,837503																														27,358963			
383	99,929552																														27,036007			
382	99,984189																														26,762883			
381	100,001244																														26,447677			
380	100,089774																														26,112275			
379	100,009055																														25,831737			
378	99,802451																														25,516746			
377	99,976496																														25,04508			
376	99,962928																														24,70083			
375	99,981548																														24,460337			
374	99,755685																														24,134186			
373	99,828532																														23,857261			
372	99,548458																														23,627413			
371	99,812643																														23,37004			
370	99,696497																														23,027847			
369	99,986631																														22,822274			
368	100,211632																														22,651613			
367	100,017297																														22,467724			
366	99,979161																														22,252599			
365	99,980841																														21,966577			
364	99,737737																														21,700306			
363	99,93498																														21,552656			
362	100,141326																														21,323881			
361	99,931596																														21,089245			
360	100,085197																														20,946056			
359	99,819357																														20,68646			
358	99,881011																														20,432211			
357	99,857835																														20,228901			
356	99,742202																														19,967904			
355	100,010921																														19,761169			
354	99,928199																														19,62061			
353	99,907615																														19,415897			
352	99,98117																														19,194264			
351	99,852131																														18,889482			
350	99,745012																														18,727564			
349	99,974369																														18,527204			
348	99,88973																														18,319652			
347	99,867378																														18,087041			
346	99,632652																														17,850704			
345	100,049672																														17,706241			
344	99,810055																														17,461161			
343	99,847431																														17,18643			
342	99,883052																														17,063294			
341	99,677032																														16,831048			
340	99,787737																														16,653871			
339	100,38826																														16,408992			
338	100,101056																														16,178959			
337	99,941008																														15,921908			
336	99,815515																														15,713388			
335	99,948479																														15,546794			
334	99,865441																														15,276713			
333	100,092591																														15,095421			
332	100,039735																														14,847757			
331	99,941422																														14,617392			
330	99,566426																														14,376043			
329	99,800022																														14,125991			
328	100,10668																														13,921192			
327	100,093675																														13,623659			
326	99,731572																														13,455098			
325	100,204576																														13,398253			
324	99,78238																														12,864503			
323	99,531126																														12,71584			
322	100,300305																														12,58255			
321	100,402265																														12,342192			
320	100,229609																														12,014061			
319	99,570907																														11,833152			
318	99,986935																														11,554444			
317	100,154736																														11,275656			
316	99,652601																														10,99237			
315	100,191458																														10,823086			
314	99,948875																														10,533636			
313	99,920103																														10,343541			
312	99,588034																														10,08192			
311	99,817032																														9,881435			
310	100,012042																														9,630402			
309	99,838138																														9,473633			
308	99,503573																														9,265308			
307	100,119484																														9,067979			
306	99,809741																														8,789457			
305	99,671273																														8,531819			
304	99,866084																														8,372175			
303	99,949609																														8,219778			
302	100,199159																														7,971944			
301	99,936623																														7,828819			
300	99,868716																														7,569615			
299	99,535973																														7,380432			
298	99,998071																														7,279108			
297	99,65881																														6,996639			
296	99,74922																														6,738603			
295	99,848222																														6,667775			
294	99,927432																														6,446898			
293	99,77889																														6,274999			
292	99,741433																														6,097342			
291	99,813714																														5,925351			
290	99,920694																														5,803128			
289	99,839812																														5,645684			
288	100,161881																														5,533756			
287	99,773517																														5,311864			
286	99,936005																														5,17483			
285	99,768259																														4,914113			
284	99,99125																														4,845413			
283	99,999355																														4,794283			
282	99,893353																														4,543966			
281	99,94074																														4,459133			
280	100,2098																														4,408105			
279	99,98847																														4,235694			
278	100,242349																														4,104794			
277	99,896235																														3,961416			
276	99,890829																														3,911204			
275	99,97015																														3,797005			
274	99,988052																														3,713038			
273	100,117977																														3,631209			
272	99,705643																														3,522717			
271	99,944002																														3,399677			
270	99,853111																														3,318179			
269	99,484961																														3,18954			
268	99,659471																														3,132886			
267	100,121758																														3,029976			
266	99,909247																														3,014078			
265	99,674479																														2,93232			
264	100,184954																														2,914565			
263	100,047608																														2,875437			
262	99,748467																														2,724877			
261	100,139966																														2,795922			
260	99,622711																														2,684549			
259	99,946685																														2,666684			
258	99,841563																														2,622113			
257	100,013003																														2,558087			
256	100,045849																														2,417177			
255	99,810957																														2,49763			
254	99,975279																														2,441204			
253	100,088164																														2,440697			
252	100,007535																														2,355561			
251	99,804875																														2,329687			
250	99,604455																														2,289057			
249	99,761971																														2,294515			
248	99,619886																														2,196879			
247	99,64404																														2,176561			
246	99,721315																														2,118183			
245	99,846378																														2,100885			
244	99,81557																														2,106681			
243	99,532192																														2,055747			
242	100,198195																														2,018444			
241	100,273059																														2,04522			
240	100,199453																														1,955973			
239	99,795857																														1,92462			
238	99,899017																														1,909305			
237	100,180289																														1,839544			
236	99,935661																														1,810529			
235	100,167276																														1,80213			
234	100,142864																														1,795793			
233	99,72974																														1,753779			
232	99,732235																														1,616952			
231	99,866796																														1,522329			
230	100,077582																														1,481979			
229	99,824253																														1,362672			
228	99,890918																														1,302175			
227	100,357705																														1,260539			
226	100,185093																														1,17312			
225	100,230369																														1,10374			
224	100,256734																														1,187667			
223	99,637268																														1,093849			
222	99,794639																														1,063385			
221	99,281032																														1,014271			
220	99,568054																														0,865666			
219	100,086283																														0,780913			
218	99,686733																														0,788901			
217	99,329404																														0,800146			
216	100,088235																														0,750979			
215	99,755145																														0,832206			
214	100,019265																														0,800801			
213	100,095204																														0,676397			
212	98,85982																														0,777243			
211	99,317143																														0,931536			
210	100,495242																														0,85526			
209	99,825656																														1,043911			
208	99,182981																														0,933407			
207	100,220707																														0,927654			
206	100,030039																														1,15287			
205	99,422501																														1,274542			
204	99,538264																														1,591524			
203	100,622218																														1,709781			
202	99,561409																														2,247001			
201	99,180259																														2,343898			
200	99,522338																														2,521526			
